V1 = 1000;
V2 = 1000;
n = 0.2337;
f = 1e5;
L = 0.0001;
d = 0.4;
P = n*V1*V2/2/pi/f/L*d*(1-d);